V 54
K 1
D 0 -3048000 3048000 2032000
Y 1
U 2667000 2032000 254000 0 2 3 REFDES=IC?
U 2667000 1778000 254000 0 2 3 DEVICE=SI5338Q-B-GM
U 2667000 1524000 254000 0 2 0 PKG_TYPE=SI5338QBGM
U 2667000 1270000 254000 0 2 0 Description=Clock Generators & Support Products I2C control, 4-output, any frequency (< 200 MHz), any output, clock generator (2 diff, 2 SE)
U 2667000 1016000 254000 0 2 0 Datasheet Link=https://www.skyworksinc.com/-/media/SkyWorks/SL/documents/public/data-sheets/Si5338.pdf
U 2667000 762000 254000 0 2 0 Height=0.9
U 2667000 508000 254000 0 2 0 Mouser Part Number=634-SI5338Q-B-GM
U 2667000 254000 254000 0 2 0 Mouser Price/Stock=https://www.mouser.co.uk/ProductDetail/Skyworks-Solutions-Inc/SI5338Q-B-GM?qs=gjQ0PIzz%2F1MzmGBnBCHNRg%3D%3D
U 2667000 0 254000 0 2 0 Manufacturer_Name=Skyworks
U 2667000 -254000 254000 0 2 0 Manufacturer_Part_Number=SI5338Q-B-GM
U 0 0 254000 0 1 0 FORWARD_PCB=1
l 5 508000 1524000 2540000 1524000 2540000 -2540000 508000 -2540000 508000 1524000
|GRPHSTL -1 -1 -1 1
P 1 0 0 508000 0 0 2 0
L 584200 0 228600 0 2 0 1 0 IN1
A 355600 50800 203200 0 9 3 #=1
A 0 0 9 0 3 0 PINTYPE=BI
P 2 0 -254000 508000 -254000 0 2 0
L 584200 -254000 228600 0 2 0 1 0 IN2
A 355600 -203200 203200 0 9 3 #=2
A 0 0 9 0 3 0 PINTYPE=BI
P 3 0 -508000 508000 -508000 0 2 0
L 584200 -508000 228600 0 2 0 1 0 IN3
A 355600 -457200 203200 0 9 3 #=3
A 0 0 9 0 3 0 PINTYPE=BI
P 4 0 -762000 508000 -762000 0 2 0
L 584200 -762000 228600 0 2 0 1 0 IN4
A 355600 -711200 203200 0 9 3 #=4
A 0 0 9 0 3 0 PINTYPE=BI
P 5 0 -1016000 508000 -1016000 0 2 0
L 584200 -1016000 228600 0 2 0 1 0 IN5
A 355600 -965200 203200 0 9 3 #=5
A 0 0 9 0 3 0 PINTYPE=BI
P 6 0 -1270000 508000 -1270000 0 2 0
L 584200 -1270000 228600 0 2 0 1 0 IN6
A 355600 -1219200 203200 0 9 3 #=6
A 0 0 9 0 3 0 PINTYPE=BI
P 7 762000 -3048000 762000 -2540000 0 1 0
L 762000 -2463800 228600 1 2 0 1 0 VDD_1
A 711200 -2692400 203200 1 9 3 #=7
A 0 0 9 0 3 0 PINTYPE=BI
P 8 1016000 -3048000 1016000 -2540000 0 1 0
L 1016000 -2463800 228600 1 2 0 1 0 INTR
A 965200 -2692400 203200 1 9 3 #=8
A 0 0 9 0 3 0 PINTYPE=BI
P 9 1270000 -3048000 1270000 -2540000 0 1 0
L 1270000 -2463800 228600 1 2 0 1 0 CLK3B
A 1219200 -2692400 203200 1 9 3 #=9
A 0 0 9 0 3 0 PINTYPE=BI
P 10 1524000 -3048000 1524000 -2540000 0 1 0
L 1524000 -2463800 228600 1 2 0 1 0 CLK3A
A 1473200 -2692400 203200 1 9 3 #=10
A 0 0 9 0 3 0 PINTYPE=BI
P 11 1778000 -3048000 1778000 -2540000 0 1 0
L 1778000 -2463800 228600 1 2 0 1 0 VDDO3
A 1727200 -2692400 203200 1 9 3 #=11
A 0 0 9 0 3 0 PINTYPE=BI
P 12 2032000 -3048000 2032000 -2540000 0 1 0
L 2032000 -2463800 228600 1 2 0 1 0 SCL
A 1981200 -2692400 203200 1 9 3 #=12
A 0 0 9 0 3 0 PINTYPE=BI
P 13 3048000 -1270000 2540000 -1270000 0 3 0
L 2463800 -1270000 228600 0 8 0 1 0 CLK2B
A 2692400 -1219200 203200 0 3 3 #=13
A 0 0 9 0 3 0 PINTYPE=BI
P 14 3048000 -1016000 2540000 -1016000 0 3 0
L 2463800 -1016000 228600 0 8 0 1 0 CLK2A
A 2692400 -965200 203200 0 3 3 #=14
A 0 0 9 0 3 0 PINTYPE=BI
P 15 3048000 -762000 2540000 -762000 0 3 0
L 2463800 -762000 228600 0 8 0 1 0 VDDO2
A 2692400 -711200 203200 0 3 3 #=15
A 0 0 9 0 3 0 PINTYPE=BI
P 16 3048000 -508000 2540000 -508000 0 3 0
L 2463800 -508000 228600 0 8 0 1 0 VDDO1
A 2692400 -457200 203200 0 3 3 #=16
A 0 0 9 0 3 0 PINTYPE=BI
P 17 3048000 -254000 2540000 -254000 0 3 0
L 2463800 -254000 228600 0 8 0 1 0 CLK1B
A 2692400 -203200 203200 0 3 3 #=17
A 0 0 9 0 3 0 PINTYPE=BI
P 18 3048000 0 2540000 0 0 3 0
L 2463800 0 228600 0 8 0 1 0 CLK1A
A 2692400 50800 203200 0 3 3 #=18
A 0 0 9 0 3 0 PINTYPE=BI
P 19 2286000 2032000 2286000 1524000 0 0 0
L 2286000 1447800 228600 1 8 0 1 0 SDA
A 2235200 1676400 203200 1 3 3 #=19
A 0 0 9 0 3 0 PINTYPE=BI
P 20 2032000 2032000 2032000 1524000 0 0 0
L 2032000 1447800 228600 1 8 0 1 0 VDDO0
A 1981200 1676400 203200 1 3 3 #=20
A 0 0 9 0 3 0 PINTYPE=BI
P 21 1778000 2032000 1778000 1524000 0 0 0
L 1778000 1447800 228600 1 8 0 1 0 CLK0B
A 1727200 1676400 203200 1 3 3 #=21
A 0 0 9 0 3 0 PINTYPE=BI
P 22 1524000 2032000 1524000 1524000 0 0 0
L 1524000 1447800 228600 1 8 0 1 0 CLK0A
A 1473200 1676400 203200 1 3 3 #=22
A 0 0 9 0 3 0 PINTYPE=BI
P 23 1270000 2032000 1270000 1524000 0 0 0
L 1270000 1447800 228600 1 8 0 1 0 RSVD_GND
A 1219200 1676400 203200 1 3 3 #=23
A 0 0 9 0 3 0 PINTYPE=BI
P 24 1016000 2032000 1016000 1524000 0 0 0
L 1016000 1447800 228600 1 8 0 1 0 VDD_2
A 965200 1676400 203200 1 3 3 #=24
A 0 0 9 0 3 0 PINTYPE=BI
P 25 762000 2032000 762000 1524000 0 0 0
L 762000 1447800 228600 1 8 0 1 0 GND
A 711200 1676400 203200 1 3 3 #=25
A 0 0 9 0 3 0 PINTYPE=BI
E
